352 FT911-3923 975  0.0082478
352 FT911-3933 985  0.00777734
352 FT911-3387 439  0.00777734
352 FT911-3053 5098  0.00717082
352 FT911-2280 4325  0.00717082
352 FT911-1087 3132  0.00717082
352 FT911-3922 974  0.00717082
352 FT911-3866 918  0.00717082
352 FT911-5179 2231  0.00631598
352 FT911-3503 555  0.00631598
353 FT911-4261 1313  0.600177
353 FT911-5079 2131  0.459601
353 FT911-4151 1203  0.353259
353 FT911-122 121  0.353259
353 FT911-4871 1923  0.0157927
353 FT911-601 2646  0.0153114
353 FT911-4139 1191  0.0147559
353 FT911-932 2977  0.0140988
353 FT911-5024 2076  0.0140988
353 FT911-4931 1983  0.0140988
354 FT911-2786 4831  0.0529533
354 FT911-3514 566  0.0445772
354 FT911-2977 5022  0.0411008
354 FT911-115 114  0.0411008
354 FT911-2716 4761  0.0362011
354 FT911-1900 3945  0.0362011
354 FT911-1588 3633  0.0362011
354 FT911-1374 3419  0.0362011
354 FT911-477 2522  0.0362011
354 FT911-418 2463  0.0362011
359 FT911-4650 1702  0.0533194
359 FT911-2452 4497  0.0509446
359 FT911-3000 5045  0.0442927
359 FT911-3149 5194  0.0390125
359 FT911-2913 4958  0.0390124
359 FT911-601 2646  0.0390123
359 FT911-3914 966  0.0390122
359 FT911-3645 697  0.0390122
359 FT911-4645 1697  0.029986
359 FT911-391 2436  0.029986
