352 FT911-2661 4706  6.36983
352 FT911-1078 3123  4.21942
352 FT911-3645 697  3.61105
352 FT911-56 55  3.56577
352 FT911-1453 3498  3.47772
352 FT911-1651 3696  3.4415
352 FT911-4317 1369  3.39466
352 FT911-3006 5051  3.34589
352 FT911-4059 1111  3.10941
352 FT911-3370 422  3.04182
353 FT911-1405 3450  0.499169
353 FT911-4151 1203  0.499169
353 FT911-2333 4378  0.499169
353 FT911-1826 3871  0.499169
353 FT911-558 2603  0.499169
353 FT911-507 2552  0.499169
353 FT911-5079 2131  0.499169
353 FT911-4348 1400  0.499169
353 FT911-122 121  0.499169
353 FT911-2827 4872  0.499169
354 FT911-1453 3498  2252.29
354 FT911-4087 1139  152.395
354 FT911-1958 4003  91.8112
354 FT911-1949 3994  79.3685
354 FT911-540 2585  61.1868
354 FT911-501 2546  59.7122
354 FT911-1587 3632  52.8421
354 FT911-4561 1613  51.3113
354 FT911-471 2516  26.1972
354 FT911-2618 4663  23.1565
359 FT911-1405 3450  64.3878
359 FT911-3109 5154  26.1378
359 FT911-2374 4419  21.0152
359 FT911-1474 3519  18.5603
359 FT911-1309 3354  17.0581
359 FT911-2032 4077  17.0296
359 FT911-3406 458  15.5167
359 FT911-198 197  15.2526
359 FT911-4645 1697  13.0056
359 FT911-2469 4514  12.3815
